00000000000000000000000000000000000000000000000000000000000000000000000000000000
00110110110110110110110110110110110110110110110110110110110110110110110110110110
00110110110110110110110110110110110110110110110110110110110110110110110110110110
00000000000000000000000000000000000000000000000000000000000000000000000000000000
00110110110110110110110110110110110110110110110110110110110110110110110110110110
00110110110110110110110110110110110110110110110110110110110110110110110110110110
00000000000000000000000000000000000000000000000000000000000000000000000000000000
00110110110110110110110110110110110110110110110110110110110110110110110110110110
00110110110110110110110110110110110110110110110110110110110110110110110110110110
00000000000000000000000000000000000000000000000000000000000000000000000000000000
00110110110110110110110110110110110110110110110110110110110110110110110110110110
00110110110110110110110110110110110110110110110110110110110110110110110110110110
00000000000000000000000000000000000000010000000000000000000000000000000000000000
00110110110110110110110110110110110110110110110110110110110110110110110110110110
00110110110110110110110110110110110110110110110110110110110110110110110110110110
00000000000000000000000000000000000000000000000000000000000000000000000000000000
00110110110110110110110110110110110110110110110110110110110110110110110110110110
00110110110110110110110110110110110110110110110110110110110110110110110110110110
00000000000000000000000000000000000000000000000000000000000000000000000000000000
00110110110110110110110110110110110110110110110110110110110110110110110110110110
00110110110110110110110110110110110110110110110110110110110110110110110110110110
00000000000000000000000000000000000000000000000000000000000000000000000000000000
00110110110110110110110110110110110110110110110110110110110110110110110110110110
00110110110110110110110110110110110110110110110110110110110110110110110110110110
00000000000000000000000000000000000000000000000000000000000000000000000000000000