00000000000000000000000000000000000000000000000000000000000000000000000000000000
00000000000000000000000000000000000000000000000000000000000000000000000000000000
00000000000000000000000000000000000000000000000000000000000000000000000000000000
00000000000000000000000000000000000000000000000000000000000000000000000000000000
00000000000000000000000000000000000000000000000000000000000000000000000000000000
00000000000000000000000000000000000000000000000000000000000000000000000000000000
00000000000000000000000001001000000000000000000000000000000000000000000000000000
00000000000000000000000111111000000000000000000000000000000000000000000000000000
00000000000000000001101000000001000000000000000000000000000000000000000000000000
00000000000000011010101011111111001000000000000000000000000000000000000000000000
00000000000001110110001010000000111000000000000000000000000000000000000000000000
00000000000010000111001000100011000000000000000000000000000000000000000000000000
00000000000001110001101111010001011000000000000000000000000000000000000000000000
00000000000000101000100000100001001000011010000000000000000000000000000000000000
00000000000010000000010110011001100000101101000000000000000000000000000000000000
00000000000011111011110100001110000000100001000000000000000000000000000000000000
00000000000000000110000100001011100110101101100000000000000000000000000000000000
00000000000000111110111000011011000101010101000000000000000000000000000000000000
00000000000001000001100001101011000001000001000000000000000000000000000000000000
00000000000000111110000001101000100010101101100000000000000000000000000000000000
00110110000000001100100000101000010011101010000000000000000000000000000000000000
00010101010110001110100000010010100001110010000000000000000000000000000000000000
00100100000001000000110001110000000010101100000000000000000000000000000000000000
00111001000011000000000001000000000010000000000000000000000000000000000000000000
00000001111010000000000000000011000011000000000000000000000000000000000000000000
00001101000000100000000000000100010011000000000000000000000000000000000000000000
00010000100010000000000000000100000011000000000000000000000000000000000000000000
00011101000010000000000000000100010010000000000000000000000000000000000000000000
00000000000001001000100000000011000010101100000000000000000000000000000000000000
00011101000010000000011000100000000001110010000000000000000000000000000000000000
00010000100010000000100000010000000011101010000000000000000000000000000000000000
00001101000000100000000001110000000010101101100000000000000000000000000000000000
00000001111010000000000000000000000001000001000000000000000000000000000000000000
00111001000011000000000000000000000101010101000000000000000000000000000000000000
00100100000001000000000110000000000110101101100000000000000000000000000000000000
00010101010110000000000100000000100000100001000000000000000000000000000000000000
00110110000000000000000011100000010000101101000000000000000000000000000000000000
00000000000000000000000000100001110000011010000000000000000000000000000000000000
00000000000000000000000000000000000000000000000000000000000000000000000000000000
00000000000000000000000000000000000000000000000000000000000000000000000000000000
00000000000000000000000000000000000000000000000000000000000000000000000000000000
00000000000000000000000000000000000000000000000000000000000000000000000000000000
00000000000000000000000000000000000000000000000000000000000000000000000000000000
00000000000000000000000000000000000000000000000000000000000000000000000000000000
00000000000000000000000000000000000000000000000000000000000000000000000000000000